% Case saved by PowerWorld Simulator, version 19, build date January 9, 2016
function mpc = uiuc_150bus
mpc.version = '2';
mpc.baseMVA =  100.00;

%% bus data 
mpc.bus = [
      1 3      0.00     0.00      0.00     0.00    1 1.0400000     0.00000   13.80   1   1.100   0.900     0.00     0.00 0  0
      2 1    184.31    52.53      0.00     0.00    1 1.0015700   -13.32239  230.00   1   1.100   0.900     0.00     0.00 0  0
      3 1    165.52    47.17      0.00     0.00    1 1.0115351   -12.27625  230.00   1   1.100   0.900     0.00     0.00 0  0
      4 1    156.81    44.69      0.00     0.00    1 1.0080228   -13.59409  230.00   1   1.100   0.900     0.00     0.00 0  0
      5 1    168.45    48.01      0.00     0.00    1 0.9977787   -15.46739  230.00   1   1.100   0.900     0.00     0.00 0  0
      6 1    156.89    44.71      0.00     0.00    1 0.9967595   -14.39897  230.00   1   1.100   0.900     0.00     0.00 0  0
      7 1    134.58    38.36      0.00     0.00    1 1.0070981   -12.43128  230.00   1   1.100   0.900     0.00     0.00 0  0
      8 1    195.40    55.69      0.00     0.00    1 1.0229893   -11.03458  230.00   1   1.100   0.900     0.00     0.00 0  0
      9 1    176.31    50.25      0.00     0.00    1 1.0012101   -16.00552  230.00   1   1.100   0.900     0.00     0.00 0  0
     10 1     72.72    20.73      0.00     0.00    1 1.0210356   -11.14029  230.00   1   1.100   0.900     0.00     0.00 0  0
     11 1    189.93    54.13      0.00     0.00    1 1.0316310    -8.30122  230.00   1   1.100   0.900     0.00     0.00 0  0
     12 1    125.30    35.71      0.00     0.00    1 0.9988710   -12.62330  230.00   1   1.100   0.900     0.00     0.00 0  0
     13 1    177.27    50.52      0.00     0.00    1 0.9901932   -15.74297  230.00   1   1.100   0.900     0.00     0.00 0  0
     14 1    199.17    56.76      0.00     0.00    1 1.0236903    -9.68967  230.00   1   1.100   0.900     0.00     0.00 0  0
     15 1    178.44    50.85      0.00     0.00    1 1.0135508   -11.77294  230.00   1   1.100   0.900     0.00     0.00 0  0
     16 1    119.77    34.13      0.00     0.00    1 0.9938745   -16.75987  230.00   1   1.100   0.900     0.00     0.00 0  0
     17 1    162.89    46.42      0.00     0.00    1 1.0145067   -11.73848  230.00   1   1.100   0.900     0.00     0.00 0  0
     18 1    129.66    36.95      0.00     0.00    1 1.0116160   -13.16267  230.00   1   1.100   0.900     0.00     0.00 0  0
     19 1    161.67    46.08      0.00     0.00    1 1.0089459   -13.26239  230.00   1   1.100   0.900     0.00     0.00 0  0
     20 1     99.26    28.29      0.00     0.00    1 1.0132048   -10.39797  230.00   1   1.100   0.900     0.00     0.00 0  0
     21 1    180.09    51.33      0.00     0.00    1 1.0063397   -13.18434  230.00   1   1.100   0.900     0.00     0.00 0  0
     22 1    194.99    55.57      0.00   150.00    1 1.0165558   -12.55299  230.00   1   1.100   0.900     0.00     0.00 0  0
     23 1    187.18    53.35      0.00     0.00    1 1.0185538   -11.92518  230.00   1   1.100   0.900     0.00     0.00 0  0
     24 1     60.74    17.31      0.00     0.00    1 1.0363937    -6.35573  230.00   1   1.100   0.900     0.00     0.00 0  0
     25 1     39.54    11.27      0.00     0.00    1 1.0236839   -11.03248  230.00   1   1.100   0.900     0.00     0.00 0  0
     26 1    161.77    46.11      0.00   150.00    1 1.0043288   -18.02452  230.00   1   1.100   0.900     0.00     0.00 0  0
     27 1    199.09    56.74      0.00     0.00    1 1.0296525    -9.94799  230.00   1   1.100   0.900     0.00     0.00 0  0
     28 1    131.12    37.37      0.00     0.00    1 1.0023955   -13.97097  230.00   1   1.100   0.900     0.00     0.00 0  0
     29 1    141.48    40.32      0.00     0.00    1 1.0090228   -13.23643  230.00   1   1.100   0.900     0.00     0.00 0  0
     30 1    149.51    42.61      0.00     0.00    1 1.0090126   -13.58032  230.00   1   1.100   0.900     0.00     0.00 0  0
     31 1    153.82    43.84      0.00     0.00    1 1.0158327    -9.47236  230.00   1   1.100   0.900     0.00     0.00 0  0
     32 1    167.52    47.74      0.00     0.00    1 1.0274310    -7.52507  230.00   1   1.100   0.900     0.00     0.00 0  0
     33 1    199.09    56.74      0.00     0.00    1 1.0301205    -8.90868  230.00   1   1.100   0.900     0.00     0.00 0  0
     34 1    158.01    45.03      0.00     0.00    1 1.0196883    -8.64454  230.00   1   1.100   0.900     0.00     0.00 0  0
     35 1    166.05    47.32      0.00     0.00    1 1.0319369    -6.84986  230.00   1   1.100   0.900     0.00     0.00 0  0
     36 1     10.00     2.85      0.00     0.00    1 1.0237732    -8.35513  230.00   1   1.100   0.900     0.00     0.00 0  0
     37 1     87.53    24.94      0.00     0.00    1 1.0219304    -9.27168  230.00   1   1.100   0.900     0.00     0.00 0  0
     38 1     42.84    12.21      0.00     0.00    1 1.0140914   -10.62088  230.00   1   1.100   0.900     0.00     0.00 0  0
     39 1     68.29    19.46      0.00     0.00    1 1.0099665   -13.84493  230.00   1   1.100   0.900     0.00     0.00 0  0
     40 1    186.84    53.25      0.00     0.00    1 1.0289201    -7.35184  230.00   1   1.100   0.900     0.00     0.00 0  0
     41 1    161.23    45.95      0.00     0.00    1 1.0192534    -8.72361  230.00   1   1.100   0.900     0.00     0.00 0  0
     42 1    155.94    44.44      0.00     0.00    1 1.0198440   -15.52714  230.00   1   1.100   0.900     0.00     0.00 0  0
     43 1    188.78    53.80      0.00     0.00    1 1.0230910   -15.08805  230.00   1   1.100   0.900     0.00     0.00 0  0
     44 1    114.86    32.74      0.00     0.00    1 1.0219755   -14.85480  230.00   1   1.100   0.900     0.00     0.00 0  0
     45 1    197.41    56.26      0.00     0.00    1 1.0244179   -15.04671  230.00   1   1.100   0.900     0.00     0.00 0  0
     46 1     93.46    26.64      0.00     0.00    1 1.0238843   -14.51516  230.00   1   1.100   0.900     0.00     0.00 0  0
     47 1    181.60    51.76      0.00     0.00    1 1.0166073   -15.87845  230.00   1   1.100   0.900     0.00     0.00 0  0
     48 1     31.40     8.95      0.00     0.00    1 1.0211764   -15.60177  230.00   1   1.100   0.900     0.00     0.00 0  0
     49 1    199.46    56.85      0.00     0.00    1 1.0221745   -11.90729  230.00   1   1.100   0.900     0.00     0.00 0  0
     50 1    154.51    44.03      0.00     0.00    1 1.0090836   -13.25196  230.00   1   1.100   0.900     0.00     0.00 0  0
     51 1    179.20    51.07      0.00     0.00    1 1.0175493   -14.58447  230.00   1   1.100   0.900     0.00     0.00 0  0
     52 1    126.82    36.14      0.00     0.00    1 1.0103028   -13.80363  230.00   1   1.100   0.900     0.00     0.00 0  0
     53 1    184.31    52.53      0.00     0.00    1 1.0250265    -9.99987  230.00   1   1.100   0.900     0.00     0.00 0  0
     54 1    185.60    52.90      0.00     0.00    1 1.0235770   -13.66926  230.00   1   1.100   0.900     0.00     0.00 0  0
     55 1    112.63    32.10      0.00     0.00    1 1.0093330   -12.75534  230.00   1   1.100   0.900     0.00     0.00 0  0
     56 1    177.00    50.44      0.00     0.00    1 1.0099993   -13.56433  230.00   1   1.100   0.900     0.00     0.00 0  0
     57 1    129.66    36.95      0.00     0.00    1 1.0181256   -11.24254  230.00   1   1.100   0.900     0.00     0.00 0  0
     58 1     66.01    18.81      0.00     0.00    1 1.0096888   -14.85987  230.00   1   1.100   0.900     0.00     0.00 0  0
     59 1    121.51    34.63      0.00     0.00    1 1.0265996    -9.74252  230.00   1   1.100   0.900     0.00     0.00 0  0
     60 1    124.07    35.36      0.00     0.00    1 1.0097149   -14.70270  230.00   1   1.100   0.900     0.00     0.00 0  0
     61 1    131.73    37.54      0.00     0.00    1 1.0139898   -11.62698  230.00   1   1.100   0.900     0.00     0.00 0  0
