function mpc = case24_ieee_rts
%CASE24_IEEE_RTS  Power flow data for the IEEE RELIABILITY TEST SYSTEM.
%   Please see CASEFORMAT for details on the case file format.
%
%   The IEEE 24-bus reliability test system was developped by the iEEE
%   reliability subcommittee and published in 1979 as benchmarck for
%   testing variuos reliability analysis methods. The the three reliability
%   test systems are IEEE one-area, IEEE two-areas, and IEEE three-areas.
%   More informations may be found at http://icseg.iti.illinois.edu/ieee-24-bus-system/

%   MATPOWER

%% MATPOWER Case Format : Version 2
mpc.version = '2';

%%-----  Power Flow Data  -----%%
%% system MVA base
mpc.baseMVA = 100;

%% bus data
%	bus_i	type	Pd      Qd	Gs	Bs          area	Vm	Va      baseKV      zone	Vmax	Vmin
mpc.bus = [
	1       3        0      0	0	-120        1       1	0       138         1       1.05	0.95;
	2       2        97     20	0	0           1       1	0       138         1       1.05	0.95;
	3       1        90     19	0	0           1       1	0       138         1       1.05	0.95;
	4       1        74     15	0	0           1       1	0       138         1       1.05	0.95;
	5       1        71     14	0	0           1       1	0       138         1       1.05	0.95;
	6       1        68     14	0   -82.51      1       1	0       138         1       1.05	0.95;
	7       2        62	    13	0	0           1       1	0       138         1       1.05	0.95;
	8       1        85     18	0	0           1       1	0       138         1       1.05	0.95;
	9       1        175	36	0	0           1       1	0       138         1       1.05	0.95;
	10      1        100	23	0	0           1       1	0       138         1       1.05	0.95;
	11      1        0      0	0	0           1       1	0       230         1       1.05	0.95;
	12      1        0      0	0	0           1       1	0       230         1       1.05	0.95;
	13      2        130	27	0	0           1       1	0       230         1       1.05	0.95;
	14      2        92     20	0	0           1       1	0       230         1       1.05	0.95;
	15      2        158	32	0	0           1       1	0       230         1       1.05	0.95;
	16      2        100	20	0	0           1       1	0       230         1       1.05	0.95;
	17      1        0      0	0	0           1       1	0       230         1       1.05	0.95;
	18      2        162	34	0	0           1       1	0       230         1       1.05	0.95;
	19      1        90     18	0	0           1       1	0       230         1       1.05	0.95;
	20      1        65     13	0	0           1       1	0       230         1       1.05	0.95;
	21      2        0      0	0	0           1       1	0       230         1       1.05	0.95;
	22      2        0      0	0	0           1       1	0       230         1       1.05	0.95;
	23      2        0      0	0	0           1       1	0       230         1       1.05	0.95;
	24      1        0      0	0	0           1       1	0       230         1       1.05	0.95;
];

%% generator data
%	bus	Pg      Qg      Qmax	Qmin        Vg      mBase	status	Pmax	Pmin	Pc1	Pc2	Qc1min	Qc1max	Qc2min	Qc2max	ramp_agc	ramp_10	ramp_30	ramp_q	apf	%	Unit Code
mpc.gen = [
	1	35.85	180.36	1000     -1000       1.000	100     1       1000     0      0	0	0       0       0       0       0           0       0       0       0;	%	
	2	67      0       1000     -1000       1.000	100     1       1000     0      0	0	0       0       0       0       0           0       0       0       0;	%	
	7	64      0       1000     -1000       1.000	100     1       1000     0      0	0	0       0       0       0       0           0       0       0       0;	%	
	13	200     0       1000     -1000       1.000	100     1       1000     0      0	0	0       0       0       0       0           0       0       0       0;	%	
	14	0       0       1000     -1000       1.000	100     1       1000     0      0	0	0       0       0       0       0           0       0       0       0;	%	
	15	274     0       1000     -1000       1.000	100     1       1000     0      0	0	0       0       0       0       0           0       0       0       0;	%	
	16	245     0       1000     -1000       1.000	100     1       1000     0      0	0	0       0       0       0       0           0       0       0       0;	%	
	18	144     0       1000     -1000       1.000	100     1       1000     0      0	0	0       0       0       0       0           0       0       0       0;	%	
	21	294     0       1000     -1000       1.000	100     1       1000     0      0	0	0       0       0       0       0           0       0       0       0;	%	
	22	150     199     1000     -1000       1.000	100     1       1000     0      0	0	0       0       0       0       0           0       0       0       0;	%	
	23	200     0       1000     -1000       1.000	100     1       1000     0      0	0	0       0       0       0       0           0       0       0       0;	%	
];

%% branch data
%	fbus	tbus	r       x       b       rateA	rateB	rateC	ratio	angle	status	angmin	angmax
