% Case saved by PowerWorld Simulator, version 20 Beta, build date March 13, 2017
function mpc = Illinois200
mpc.version = '2';
mpc.baseMVA =  100.00;

%% bus data 
mpc.bus = [
1	1	0.00	0.00	0.00	0.00	1	0.9987253	-36.484845	115.00	1	1.100	0.900	19.91	0.00	0	0
2	1	10.95	3.12	0.00	0.00	1	0.9985471	-36.504646	115.00	1	1.100	0.900	19.91	0.00	0	0
3	1	0.00	0.00	0.00	0.00	1	1.0103316	-38.186132	115.00	1	1.100	0.900	19.91	0.00	0	0
4	1	2.72	0.77	0.00	0.00	1	1.0102908	-38.190918	115.00	1	1.100	0.900	19.91	0.00	0	0
5	1	0.00	0.00	0.00	0.00	1	1.0231747	-38.814350	115.00	1	1.100	0.900	19.91	0.00	0	0
6	1	12.50	3.56	0.00	0.00	1	1.0229736	-38.835837	115.00	1	1.100	0.900	19.91	0.00	0	0
7	1	0.00	0.00	0.00	0.00	1	0.9895163	-37.640747	115.00	1	1.100	0.900	19.91	0.00	0	0
8	1	35.20	10.03	0.00	0.00	1	0.9889666	-37.702748	115.00	1	1.100	0.900	19.91	0.00	0	0
9	1	0.00	0.00	0.00	0.00	1	0.9939302	-37.023795	115.00	1	1.100	0.900	19.91	0.00	0	0
10	1	63.29	18.04	0.00	0.00	1	0.9928336	-37.163436	115.00	1	1.100	0.900	19.91	0.00	0	0
11	1	0.00	0.00	0.00	0.00	1	1.0349069	-35.627278	115.00	1	1.100	0.900	19.91	0.00	0	0
12	1	0.49	0.14	0.00	0.00	1	1.0348996	-35.628157	115.00	1	1.100	0.900	19.91	0.00	0	0
13	1	4.04	1.15	0.00	0.00	1	1.0348425	-35.634698	115.00	1	1.100	0.900	19.91	0.00	0	0
14	1	0.00	0.00	0.00	0.00	1	1.0331195	-34.381983	230.00	1	1.100	0.900	19.91	0.00	0	0
15	1	0.00	0.00	0.00	30.00	1	1.0355891	-35.497711	115.00	1	1.100	0.900	19.91	0.00	0	0
16	1	71.70	20.44	0.00	0.00	1	1.0345716	-35.614380	115.00	1	1.100	0.900	19.91	0.00	0	0
17	1	0.00	0.00	0.00	0.00	1	1.0011339	-39.161689	115.00	1	1.100	0.900	19.91	0.00	0	0
18	1	1.14	0.33	0.00	0.00	1	1.0011154	-39.164163	115.00	1	1.100	0.900	19.91	0.00	0	0
19	1	1.23	0.35	0.00	0.00	1	1.0011168	-39.163754	115.00	1	1.100	0.900	19.91	0.00	0	0
20	1	1.81	0.52	0.00	0.00	1	1.0011054	-39.164968	115.00	1	1.100	0.900	19.91	0.00	0	0
21	1	7.38	2.10	0.00	0.00	1	1.0010054	-39.177564	115.00	1	1.100	0.900	19.91	0.00	0	0
22	1	0.00	0.00	0.00	0.00	1	1.0344601	-35.650737	115.00	1	1.100	0.900	19.91	0.00	0	0
23	1	2.26	0.64	0.00	0.00	1	1.0344265	-35.654423	115.00	1	1.100	0.900	19.91	0.00	0	0
24	1	3.84	1.09	0.00	0.00	1	1.0344021	-35.656640	115.00	1	1.100	0.900	19.91	0.00	0	0
25	1	0.00	0.00	0.00	0.00	1	1.0257099	-39.097350	115.00	1	1.100	0.900	19.91	0.00	0	0
26	1	2.13	0.61	0.00	0.00	1	1.0256791	-39.100707	115.00	1	1.100	0.900	19.91	0.00	0	0
27	1	0.00	0.00	0.00	0.00	1	1.0350538	-35.782451	115.00	1	1.100	0.900	19.91	0.00	0	0
28	1	3.74	1.07	0.00	0.00	1	1.0349918	-35.790040	115.00	1	1.100	0.900	19.91	0.00	0	0
29	1	0.00	0.00	0.00	0.00	1	0.9988561	-36.226215	115.00	1	1.100	0.900	19.91	0.00	0	0
30	1	87.62	24.97	0.00	0.00	1	0.9974594	-36.374027	115.00	1	1.100	0.900	19.91	0.00	0	0
31	1	0.00	0.00	0.00	0.00	1	0.9993814	-39.562360	115.00	1	1.100	0.900	19.91	0.00	0	0
32	1	0.70	0.20	0.00	0.00	1	0.9993689	-39.563847	115.00	1	1.100	0.900	19.91	0.00	0	0
33	1	8.82	2.51	0.00	0.00	1	0.9992433	-39.580004	115.00	1	1.100	0.900	19.91	0.00	0	0
34	1	0.00	0.00	0.00	0.00	1	1.0179260	-36.929680	115.00	1	1.100	0.900	19.91	0.00	0	0
35	1	33.26	9.48	0.00	0.00	1	1.0173950	-36.994263	115.00	1	1.100	0.900	19.91	0.00	0	0
36	1	0.00	0.00	0.00	0.00	1	1.0059315	-39.693345	115.00	1	1.100	0.900	19.91	0.00	0	0
37	1	4.89	1.39	0.00	0.00	1	1.0058586	-39.702124	115.00	1	1.100	0.900	19.91	0.00	0	0
38	1	40.81	11.63	0.00	0.00	1	1.0052524	-39.770111	115.00	1	1.100	0.900	19.91	0.00	0	0
39	1	11.86	3.38	0.00	0.00	1	0.9988683	-39.913488	115.00	1	1.100	0.900	19.91	0.00	0	0
40	1	3.28	0.93	0.00	0.00	1	0.9988227	-39.919055	115.00	1	1.100	0.900	19.91	0.00	0	0
41	1	61.87	17.63	0.00	0.00	1	1.0150375	-41.826757	115.00	1	1.100	0.900	19.91	0.00	0	0
42	1	17.01	4.85	0.00	0.00	1	1.0070583	-38.646358	115.00	1	1.100	0.900	19.91	0.00	0	0
43	1	3.09	0.88	0.00	0.00	1	0.9943791	-38.626607	115.00	1	1.100	0.900	19.91	0.00	0	0
44	1	6.65	1.89	0.00	0.00	1	1.0049040	-38.490044	115.00	1	1.100	0.900	19.91	0.00	0	0
45	1	0.00	0.00	0.00	0.00	1	1.0277558	-33.752015	230.00	1	1.100	0.900	19.91	0.00	0	0
46	1	8.68	2.47	0.00	0.00	1	1.0252088	-34.633271	115.00	1	1.100	0.900	19.91	0.00	0	0
47	1	2.47	0.71	0.00	0.00	1	1.0316417	-35.017317	115.00	1	1.100	0.900	19.91	0.00	0	0
48	1	2.87	0.82	0.00	0.00	1	1.0204693	-39.106063	115.00	1	1.100	0.900	19.91	0.00	0	0
49	2	0.00	0.00	0.00	0.00	1	1.0322808	-37.826268	13.80	1	1.100	0.900	19.91	0.00	0	0
50	2	0.00	0.00	0.00	0.00	1	1.0295607	-38.132551	13.80	1	1.100	0.900	19.91	0.00	0	0
51	2	0.00	0.00	0.00	0.00	1	1.0338254	-37.629606	13.80	1	1.100	0.900	19.91	0.00	0	0
52	2	0.00	0.00	0.00	0.00	1	1.0290833	-38.192290	13.80	1	1.100	0.900	19.91	0.00	0	0
53	2	0.00	0.00	0.00	0.00	1	1.0400000	-36.320835	13.80	1	1.100	0.900	19.91	0.00	0	0
54	1	4.27	1.22	0.00	0.00	1	1.0279093	-35.518225	115.00	1	1.100	0.900	19.91	0.00	0	0
55	1	0.00	0.00	0.00	0.00	1	1.0247171	-34.507306	230.00	1	1.100	0.900	19.91	0.00	0	0
56	1	1.79	0.51	0.00	0.00	1	1.0231808	-34.882556	115.00	1	1.100	0.900	19.91	0.00	0	0
57	1	4.52	1.29	0.00	0.00	1	1.0055562	-38.958227	115.00	1	1.100	0.900	19.91	0.00	0	0
58	1	5.79	1.65	0.00	0.00	1	1.0130443	-39.471071	115.00	1	1.100	0.900	19.91	0.00	0	0
59	1	7.02	2.00	0.00	0.00	1	0.9916953	-39.285283	115.00	1	1.100	0.900	19.91	0.00	0	0
60	1	5.63	1.60	0.00	0.00	1	1.0135099	-35.185033	115.00	1	1.100	0.900	19.91	0.00	0	0
61	1	28.14	8.02	0.00	0.00	1	1.0213539	-35.141536	115.00	1	1.100	0.900	19.91	0.00	0	0
62	1	34.29	9.77	0.00	0.00	1	1.0013273	-39.623617	115.00	1	1.100	0.900	19.91	0.00	0	0
63	1	12.79	3.64	0.00	0.00	1	1.0275690	-37.020582	115.00	1	1.100	0.900	19.91	0.00	0	0
64	1	0.00	0.00	0.00	0.00	1	1.0291107	-38.087884	115.00	1	1.100	0.900	19.91	0.00	0	0
65	2	0.00	0.00	0.00	0.00	1	1.0400000	-34.796049	13.80	1	1.100	0.900	19.91	0.00	0	0
66	1	0.00	0.00	0.00	0.00	1	1.0357844	-34.438374	115.00	1	1.100	0.900	19.91	0.00	0	0
67	2	0.00	0.00	0.00	0.00	1	1.0397630	-34.100753	13.80	1	1.100	0.900	19.91	0.00	0	0
68	2	0.00	0.00	0.00	0.00	1	1.0400000	-30.506916	13.80	1	1.100	0.900	19.91	0.00	0	0
69	2	0.00	0.00	0.00	0.00	1	1.0400000	-33.036192	13.80	1	1.100	0.900	19.91	0.00	0	0
70	2	0.00	0.00	0.00	0.00	1	1.0400000	-31.482346	13.80	1	1.100	0.900	19.91	0.00	0	0
71	2	0.00	0.00	0.00	0.00	1	1.0400000	-33.235699	13.80	1	1.100	0.900	19.91	0.00	0	0
72	2	0.00	0.00	0.00	0.00	1	1.0400000	-33.339534	13.80	1	1.100	0.900	19.91	0.00	0	0
73	2	0.00	0.00	0.00	0.00	1	1.0400000	-32.271523	13.80	1	1.100	0.900	19.91	0.00	0	0
74	1	29.51	8.41	0.00	0.00	1	1.0095407	-40.161028	115.00	1	1.100	0.900	19.91	0.00	0	0
75	1	5.34	1.52	0.00	0.00	1	1.0145111	-34.715113	115.00	1	1.100	0.900	19.91	0.00	0	0
76	2	0.00	0.00	0.00	0.00	1	1.0304520	-34.242271	13.80	1	1.100	0.900	19.91	0.00	0	0
77	2	0.00	0.00	0.00	0.00	1	1.0399996	-33.909675	13.80	1	1.100	0.900	19.91	0.00	0	0
78	2	0.00	0.00	0.00	0.00	1	1.0145111	-34.715113	13.80	1	1.100	0.900	19.91	0.00	0	0
79	2	0.00	0.00	0.00	0.00	1	1.0145111	-34.715113	13.80	1	1.100	0.900	19.91	0.00	0	0
80	1	2.38	0.68	0.00	0.00	1	1.0176234	-40.507786	115.00	1	1.100	0.900	19.91	0.00	0	0
81	1	0.00	0.00	0.00	0.00	1	1.0198084	-36.318888	230.00	1	1.100	0.900	19.91	0.00	0	0
82	1	11.96	3.41	0.00	0.00	1	1.0148957	-37.611244	115.00	1	1.100	0.900	19.91	0.00	0	0
83	1	4.29	1.22	0.00	0.00	1	1.0121630	-38.235649	115.00	1	1.100	0.900	19.91	0.00	0	0
84	1	5.56	1.59	0.00	0.00	1	0.9974352	-38.576435	115.00	1	1.100	0.900	19.91	0.00	0	0
85	1	7.74	2.21	0.00	0.00	1	0.9985930	-39.876466	115.00	1	1.100	0.900	19.91	0.00	0	0
86	1	12.23	3.49	0.00	0.00	1	0.9914831	-37.337220	115.00	1	1.100	0.900	19.91	0.00	0	0
87	1	0.00	0.00	0.00	0.00	1	1.0239312	-34.425784	230.00	1	1.100	0.900	19.91	0.00	0	0
88	1	79.66	22.70	0.00	0.00	1	1.0179159	-36.548316	115.00	1	1.100	0.900	19.91	0.00	0	0
89	1	86.04	24.52	0.00	0.00	1	1.0153373	-38.730979	115.00	1	1.100	0.900	19.91	0.00	0	0
90	2	0.00	0.00	0.00	0.00	1	1.0400527	-37.579430	13.80	1	1.100	0.900	19.91	0.00	0	0
91	2	0.00	0.00	0.00	0.00	1	1.0281598	-38.350971	13.80	1	1.100	0.900	19.91	0.00	0	0
