function mpc = case30
%CASE30    Power flow data for 30 bus, 6 generator case.
%   Please see CASEFORMAT for details on the case file format.
%
%   The IEEE 30-bus case represents a simple approximation of the American
%   Power System as it was in December 1961. The equivalent system has
%   15 buses, 2 generators, and 3 synchronous condensers.
%   The 11 and 1.0 kV base voltages are guesses, and may not rflect the
%   actual data. The model actually has these buses either 132 or 33 kV.
%   
%   More detais about this case can be found at http://icseg.iti.illinois.edu/ieee-30-bus-system/
%

%   MATPOWER

%% MATPOWER Case Format : Version 2
mpc.version = '2';

%%-----  Power Flow Data  -----%%
%% system MVA base
mpc.baseMVA = 100;

%% bus data
%	bus_i	type	Pd      Qd      Gs	Bs      area	Vm	Va	baseKV	zone	Vmax	Vmin
mpc.bus = [
	1       3       0       0       0	0       1       1	0	132     1	1.05	0.95;%  Glen_Lyn
	2       2       21.7	12.7	0	0       1       1	0	132     1	1.1     0.95;%  Claytor
	3       1       2.4     1.2     0	0       1       1	0	132     1	1.05	0.95;%  Kumis
	4       1       7.6     1.6     0	0       1       1	0	132     1	1.05	0.95;%  hancock
	5       2       94.20   19      0	0       1       1	0	132     1	1.05	0.95;%  Fieldale
	6       1       0       0       0	0       1       1	0	132     1	1.05	0.95;%  Roanoke
	7       1       22.8	10.9	0	0       1       1	0	132     1	1.05	0.95;%  Blaine
	8       2       30      30      0	0       1       1	0	132     1	1.05	0.95;%  Reusens
	9       1       0       0       0	0       1       1	0	135     1	1.05	0.95;%  Roanoke
	10      1       5.8     2       0	0       3       1	0	135     1	1.05	0.95;%  Roanoke
	11      2       0       0       0	0       1       1	0	135     1	1.05	0.95;%  Hancock
	12      1       11.2	7.5     0	0       2       1	0	135     1	1.05	0.95;%  Hancock
	13      2       0       0       0	0       2       1	0	135     1	1.1     0.95;%
	14      1       6.2     1.6     0	0       2       1	0	135     1	1.05	0.95;%
	15      1       8.2     2.5     0	0       2       1	0	135     1	1.05	0.95;%
	16      1       3.5     1.8     0	0       2       1	0	135     1	1.05	0.95;%
	17      1       9       5.8     0	0       2       1	0	135     1	1.05	0.95;%
	18      1       3.2     0.9     0	0       2       1	0	135     1	1.05	0.95;%
	19      1       9.5     3.4     0	0       2       1	0	135     1	1.05	0.95;%
	20      1       2.2     0.7     0	0       2       1	0	135     1	1.05	0.95;%
	21      1       17.5	11.2	0	0       3       1	0	135     1	1.05	0.95;%
	22      1       0       0       0	0       3       1	0	135     1	1.1     0.95;%
	23      1       3.2     1.6     0	0       2       1	0	135     1	1.1     0.95;%
	24      1       8.7     6.7     0	0   	3       1	0	135     1	1.05	0.95;%
	25      1       0       0       0	0       3       1	0	135     1	1.05	0.95;%
	26      1       3.5     2.3     0	0       3       1	0	135     1	1.05	0.95;%
	27      1       0       0       0	0       3       1	0	135     1	1.1     0.95;%  Cloversdl
	28      1       0       0       0	0       1       1	0	135     1	1.05	0.95;%  Cloverdl
	29      1       2.4     0.9     0	0       3       1   0	135     1	1.05	0.95;%
	30      1       10.6	1.9     0	0       3       1   0	135     1	1.05	0.95;%
];

%% generator data
%	bus	Pg      Qg      Qmax	Qmin        Vg      mBase	status	Pmax	Pmin	Pc1	Pc2	Qc1min	Qc1max	Qc2min	Qc2max	ramp_agc	ramp_10	ramp_30	ramp_q	apf
mpc.gen = [
	1	260.95	0       1000     -1000     1        100     1       1000      0       0	0	0       0       0       0       0           0       0       0       0;
	2	40      0       1000     -1000     1.045        100     1       1000      0       0	0	0       0       0       0       0           0       0       0       0;
	5   0       26.91	1000	 -1000     1.01     100     1       1000      0       0	0	0       0       0       0       0           0       0       0       0;
	8	0       0       1000     -1000     1.01     100     1       1000      0       0	0	0       0       0       0       0           0       0       0       0;
    11	0       0       1000	 -1000     1.082	100     1       1000      0       0	0	0       0       0       0       0           0       0       0       0;
	13	0       0       1000	 -1000     1.071        100     1       1000      0       0	0	0       0       0       0       0           0       0       0       0;
];

%% branch data
%	fbus	tbus	r       x           b       rateA	rateB	rateC	ratio	angle	status	angmin	angmax
